[01_uvod.jpg]
filters=enhance=1;
moddate=eb9806a4948bd601
width=8000
height=6000
textactive=0
[02_tvary.jpg]
filters=finetune2=1,0.298246,0.064561,0.000000,00000000,0.000000;
moddate=35acdcae948bd601
width=8000
height=6000
textactive=0
[03_sitie.jpg]
filters=finetune2=1,0.163743,0.101053,0.000000,00000000,0.000000;
moddate=973b1bb7948bd601
width=8000
height=6000
textactive=0
